111111111111000000111111111111
111111110000000000000111111111
111111000000000000000001111111
111110000000000000000000111111
111100000000000000000000011111
111000000000000000000000001111
111000000000000000000000000111
110000000000000000000000000011
110001111110000000000000000001
100011111111000000000000000001
100011000011100000000000000000
000000000000110000000000000000
000000000000011000000000000000
000000001000011000000000000000
000000001100011000000000000000
000000100010000000000000000000
000000100000000000000000000000
000000100000000000000000000000
100001110000000000000000000000
100001100000000000000000000001
100000101100000000000000000001
110000000000000000000000000001
111000000000000000000000000011
111000000000000000000000000011
111100000000000000000000000111
111110000000000000000000001111
111111000000000000000000011111
111111110000000000000000111111
111111111100000000000111111111
111111111111100001111111111111
