111111111111111111111111111111
111111111111111001111111111111
111111111110000000000001111111
111111100000000000000000011111
111110001000000000000000000111
111100001110000000000000000011
111000001110000000000000000011
110000011100000000000000000001
110000011110000000000000000001
100000111111000000000000000000
100000011111000000000000000000
100000011111100000000000000000
000000111111000000000000000000
000001111111000000000000000000
000000111110000000000000000000
000000000000000000000000000000
100000000000000000000000000000
100000000000000000000000000000
100000000000000000000000000001
100000000000000000000000000001
110000000000000000000000000001
111000000000000000000000000011
111000000000000000000000000111
111100000000000000000000000111
111110000000000000000000001111
111110000000000000000000011111
111111100000000000000000111111
111111111000000000000011111111
111111111111111111111111111111
111111111111111111111111111111
